Solucion 1:
R 0 1 0 1 0 1 0 
0 1 0 1 0 1 0 1 
1 R 1 0 1 0 1 0 
0 1 0 1 0 1 0 1 
1 0 R 0 1 0 1 0 
0 1 0 1 0 1 0 1 
1 0 1 0 1 0 1 0 
0 1 0 1 0 1 0 1 

Solucion 2:
R 0 1 0 1 0 1 0 
0 1 0 1 0 1 0 1 
1 R 1 0 1 0 1 0 
0 1 0 1 0 1 0 1 
1 0 1 0 1 0 1 0 
0 1 R 1 0 1 0 1 
1 0 1 0 1 0 1 0 
0 1 0 1 0 1 0 1 

Solucion 3:
R 0 1 0 1 0 1 0 
0 1 0 1 0 1 0 1 
1 R 1 0 1 0 1 0 
0 1 0 1 0 1 0 1 
1 0 1 0 1 0 1 0 
0 1 0 1 0 1 0 1 
1 0 R 0 1 0 1 0 
0 1 0 1 0 1 0 1 

Solucion 4:
R 0 1 0 1 0 1 0 
0 1 0 1 0 1 0 1 
1 R 1 0 1 0 1 0 
0 1 0 1 0 1 0 1 
1 0 1 0 1 0 1 0 
0 1 0 1 0 1 0 1 
1 0 1 0 1 0 1 0 
0 1 R 1 0 1 0 1 

Solucion 5:
R 0 1 0 1 0 1 0 
0 1 R 1 0 1 0 1 
1 0 1 0 1 0 1 0 
0 R 0 1 0 1 0 1 
1 0 1 0 1 0 1 0 
0 1 0 1 0 1 0 1 
1 0 1 0 1 0 1 0 
0 1 0 1 0 1 0 1 

Solucion 6:
R 0 1 0 1 0 1 0 
0 1 0 1 0 1 0 1 
1 0 1 0 1 0 1 0 
0 R 0 1 0 1 0 1 
1 0 1 0 1 0 1 0 
0 1 R 1 0 1 0 1 
1 0 1 0 1 0 1 0 
0 1 0 1 0 1 0 1 

Solucion 7:
R 0 1 0 1 0 1 0 
0 1 0 1 0 1 0 1 
1 0 1 0 1 0 1 0 
0 R 0 1 0 1 0 1 
1 0 1 0 1 0 1 0 
0 1 0 1 0 1 0 1 
1 0 R 0 1 0 1 0 
0 1 0 1 0 1 0 1 

Solucion 8:
R 0 1 0 1 0 1 0 
0 1 0 1 0 1 0 1 
1 0 1 0 1 0 1 0 
0 R 0 1 0 1 0 1 
1 0 1 0 1 0 1 0 
0 1 0 1 0 1 0 1 
1 0 1 0 1 0 1 0 
0 1 R 1 0 1 0 1 

Solucion 9:
R 0 1 0 1 0 1 0 
0 1 R 1 0 1 0 1 
1 0 1 0 1 0 1 0 
0 1 0 1 0 1 0 1 
1 R 1 0 1 0 1 0 
0 1 0 1 0 1 0 1 
1 0 1 0 1 0 1 0 
0 1 0 1 0 1 0 1 

Solucion 10:
R 0 1 0 1 0 1 0 
0 1 0 1 0 1 0 1 
1 0 1 0 1 0 1 0 
0 1 0 1 0 1 0 1 
1 R 1 0 1 0 1 0 
0 1 0 1 0 1 0 1 
1 0 R 0 1 0 1 0 
0 1 0 1 0 1 0 1 

Solucion 11:
R 0 1 0 1 0 1 0 
0 1 0 1 0 1 0 1 
1 0 1 0 1 0 1 0 
0 1 0 1 0 1 0 1 
1 R 1 0 1 0 1 0 
0 1 0 1 0 1 0 1 
1 0 1 0 1 0 1 0 
0 1 R 1 0 1 0 1 

Solucion 12:
R 0 1 0 1 0 1 0 
0 1 R 1 0 1 0 1 
1 0 1 0 1 0 1 0 
0 1 0 1 0 1 0 1 
1 0 1 0 1 0 1 0 
0 R 0 1 0 1 0 1 
1 0 1 0 1 0 1 0 
0 1 0 1 0 1 0 1 

Solucion 13:
R 0 1 0 1 0 1 0 
0 1 0 1 0 1 0 1 
1 0 1 0 1 0 1 0 
0 1 R 1 0 1 0 1 
1 0 1 0 1 0 1 0 
0 R 0 1 0 1 0 1 
1 0 1 0 1 0 1 0 
0 1 0 1 0 1 0 1 

Solucion 14:
R 0 1 0 1 0 1 0 
0 1 0 1 0 1 0 1 
1 0 1 0 1 0 1 0 
0 1 0 1 0 1 0 1 
1 0 1 0 1 0 1 0 
0 R 0 1 0 1 0 1 
1 0 1 0 1 0 1 0 
0 1 R 1 0 1 0 1 

Solucion 15:
R 0 1 0 1 0 1 0 
0 1 R 1 0 1 0 1 
1 0 1 0 1 0 1 0 
0 1 0 1 0 1 0 1 
1 0 1 0 1 0 1 0 
0 1 0 1 0 1 0 1 
1 R 1 0 1 0 1 0 
0 1 0 1 0 1 0 1 

Solucion 16:
R 0 1 0 1 0 1 0 
0 1 0 1 0 1 0 1 
1 0 1 0 1 0 1 0 
0 1 R 1 0 1 0 1 
1 0 1 0 1 0 1 0 
0 1 0 1 0 1 0 1 
1 R 1 0 1 0 1 0 
0 1 0 1 0 1 0 1 

Solucion 17:
R 0 1 0 1 0 1 0 
0 1 0 1 0 1 0 1 
1 0 1 0 1 0 1 0 
0 1 0 1 0 1 0 1 
1 0 R 0 1 0 1 0 
0 1 0 1 0 1 0 1 
1 R 1 0 1 0 1 0 
0 1 0 1 0 1 0 1 

Solucion 18:
R 0 1 0 1 0 1 0 
0 1 R 1 0 1 0 1 
1 0 1 0 1 0 1 0 
0 1 0 1 0 1 0 1 
1 0 1 0 1 0 1 0 
0 1 0 1 0 1 0 1 
1 0 1 0 1 0 1 0 
0 R 0 1 0 1 0 1 

Solucion 19:
R 0 1 0 1 0 1 0 
0 1 0 1 0 1 0 1 
1 0 1 0 1 0 1 0 
0 1 R 1 0 1 0 1 
1 0 1 0 1 0 1 0 
0 1 0 1 0 1 0 1 
1 0 1 0 1 0 1 0 
0 R 0 1 0 1 0 1 

Solucion 20:
R 0 1 0 1 0 1 0 
0 1 0 1 0 1 0 1 
1 0 1 0 1 0 1 0 
0 1 0 1 0 1 0 1 
1 0 R 0 1 0 1 0 
0 1 0 1 0 1 0 1 
1 0 1 0 1 0 1 0 
0 R 0 1 0 1 0 1 

Solucion 21:
R 0 1 0 1 0 1 0 
0 1 0 1 0 1 0 1 
1 0 1 0 1 0 1 0 
0 1 0 1 0 1 0 1 
1 0 1 0 1 0 1 0 
0 1 R 1 0 1 0 1 
1 0 1 0 1 0 1 0 
0 R 0 1 0 1 0 1 

Solucion 22:
1 0 R 0 1 0 1 0 
R 1 0 1 0 1 0 1 
1 0 1 0 1 0 1 0 
0 R 0 1 0 1 0 1 
1 0 1 0 1 0 1 0 
0 1 0 1 0 1 0 1 
1 0 1 0 1 0 1 0 
0 1 0 1 0 1 0 1 

Solucion 23:
1 0 1 0 1 0 1 0 
R 1 0 1 0 1 0 1 
1 0 1 0 1 0 1 0 
0 R 0 1 0 1 0 1 
1 0 1 0 1 0 1 0 
0 1 R 1 0 1 0 1 
1 0 1 0 1 0 1 0 
0 1 0 1 0 1 0 1 

Solucion 24:
1 0 1 0 1 0 1 0 
R 1 0 1 0 1 0 1 
1 0 1 0 1 0 1 0 
0 R 0 1 0 1 0 1 
1 0 1 0 1 0 1 0 
0 1 0 1 0 1 0 1 
1 0 R 0 1 0 1 0 
0 1 0 1 0 1 0 1 

Solucion 25:
1 0 1 0 1 0 1 0 
R 1 0 1 0 1 0 1 
1 0 1 0 1 0 1 0 
0 R 0 1 0 1 0 1 
1 0 1 0 1 0 1 0 
0 1 0 1 0 1 0 1 
1 0 1 0 1 0 1 0 
0 1 R 1 0 1 0 1 

Solucion 26:
1 0 R 0 1 0 1 0 
R 1 0 1 0 1 0 1 
1 0 1 0 1 0 1 0 
0 1 0 1 0 1 0 1 
1 R 1 0 1 0 1 0 
0 1 0 1 0 1 0 1 
1 0 1 0 1 0 1 0 
0 1 0 1 0 1 0 1 

Solucion 27:
1 0 1 0 1 0 1 0 
R 1 0 1 0 1 0 1 
1 0 R 0 1 0 1 0 
0 1 0 1 0 1 0 1 
1 R 1 0 1 0 1 0 
0 1 0 1 0 1 0 1 
1 0 1 0 1 0 1 0 
0 1 0 1 0 1 0 1 

Solucion 28:
1 0 1 0 1 0 1 0 
R 1 0 1 0 1 0 1 
1 0 1 0 1 0 1 0 
0 1 0 1 0 1 0 1 
1 R 1 0 1 0 1 0 
0 1 0 1 0 1 0 1 
1 0 R 0 1 0 1 0 
0 1 0 1 0 1 0 1 

Solucion 29:
1 0 1 0 1 0 1 0 
R 1 0 1 0 1 0 1 
1 0 1 0 1 0 1 0 
0 1 0 1 0 1 0 1 
1 R 1 0 1 0 1 0 
0 1 0 1 0 1 0 1 
1 0 1 0 1 0 1 0 
0 1 R 1 0 1 0 1 

Solucion 30:
1 0 R 0 1 0 1 0 
R 1 0 1 0 1 0 1 
1 0 1 0 1 0 1 0 
0 1 0 1 0 1 0 1 
1 0 1 0 1 0 1 0 
0 R 0 1 0 1 0 1 
1 0 1 0 1 0 1 0 
0 1 0 1 0 1 0 1 

Solucion 31:
1 0 1 0 1 0 1 0 
R 1 0 1 0 1 0 1 
1 0 R 0 1 0 1 0 
0 1 0 1 0 1 0 1 
1 0 1 0 1 0 1 0 
0 R 0 1 0 1 0 1 
1 0 1 0 1 0 1 0 
0 1 0 1 0 1 0 1 

Solucion 32:
1 0 1 0 1 0 1 0 
R 1 0 1 0 1 0 1 
1 0 1 0 1 0 1 0 
0 1 0 1 0 1 0 1 
1 0 1 0 1 0 1 0 
0 R 0 1 0 1 0 1 
1 0 1 0 1 0 1 0 
0 1 R 1 0 1 0 1 

Solucion 33:
1 0 R 0 1 0 1 0 
R 1 0 1 0 1 0 1 
1 0 1 0 1 0 1 0 
0 1 0 1 0 1 0 1 
1 0 1 0 1 0 1 0 
0 1 0 1 0 1 0 1 
1 R 1 0 1 0 1 0 
0 1 0 1 0 1 0 1 

Solucion 34:
1 0 1 0 1 0 1 0 
R 1 0 1 0 1 0 1 
1 0 R 0 1 0 1 0 
0 1 0 1 0 1 0 1 
1 0 1 0 1 0 1 0 
0 1 0 1 0 1 0 1 
1 R 1 0 1 0 1 0 
0 1 0 1 0 1 0 1 

Solucion 35:
1 0 1 0 1 0 1 0 
R 1 0 1 0 1 0 1 
1 0 1 0 1 0 1 0 
0 1 0 1 0 1 0 1 
1 0 R 0 1 0 1 0 
0 1 0 1 0 1 0 1 
1 R 1 0 1 0 1 0 
0 1 0 1 0 1 0 1 

Solucion 36:
1 0 R 0 1 0 1 0 
R 1 0 1 0 1 0 1 
1 0 1 0 1 0 1 0 
0 1 0 1 0 1 0 1 
1 0 1 0 1 0 1 0 
0 1 0 1 0 1 0 1 
1 0 1 0 1 0 1 0 
0 R 0 1 0 1 0 1 

Solucion 37:
1 0 1 0 1 0 1 0 
R 1 0 1 0 1 0 1 
1 0 R 0 1 0 1 0 
0 1 0 1 0 1 0 1 
1 0 1 0 1 0 1 0 
0 1 0 1 0 1 0 1 
1 0 1 0 1 0 1 0 
0 R 0 1 0 1 0 1 

Solucion 38:
1 0 1 0 1 0 1 0 
R 1 0 1 0 1 0 1 
1 0 1 0 1 0 1 0 
0 1 0 1 0 1 0 1 
1 0 R 0 1 0 1 0 
0 1 0 1 0 1 0 1 
1 0 1 0 1 0 1 0 
0 R 0 1 0 1 0 1 

Solucion 39:
1 0 1 0 1 0 1 0 
R 1 0 1 0 1 0 1 
1 0 1 0 1 0 1 0 
0 1 0 1 0 1 0 1 
1 0 1 0 1 0 1 0 
0 1 R 1 0 1 0 1 
1 0 1 0 1 0 1 0 
0 R 0 1 0 1 0 1 

Solucion 40:
1 R 1 0 1 0 1 0 
0 1 0 1 0 1 0 1 
R 0 1 0 1 0 1 0 
0 1 R 1 0 1 0 1 
1 0 1 0 1 0 1 0 
0 1 0 1 0 1 0 1 
1 0 1 0 1 0 1 0 
0 1 0 1 0 1 0 1 

Solucion 41:
1 R 1 0 1 0 1 0 
0 1 0 1 0 1 0 1 
R 0 1 0 1 0 1 0 
0 1 0 1 0 1 0 1 
1 0 1 0 1 0 1 0 
0 1 R 1 0 1 0 1 
1 0 1 0 1 0 1 0 
0 1 0 1 0 1 0 1 

Solucion 42:
1 R 1 0 1 0 1 0 
0 1 0 1 0 1 0 1 
R 0 1 0 1 0 1 0 
0 1 0 1 0 1 0 1 
1 0 1 0 1 0 1 0 
0 1 0 1 0 1 0 1 
1 0 R 0 1 0 1 0 
0 1 0 1 0 1 0 1 

Solucion 43:
1 R 1 0 1 0 1 0 
0 1 0 1 0 1 0 1 
R 0 1 0 1 0 1 0 
0 1 0 1 0 1 0 1 
1 0 1 0 1 0 1 0 
0 1 0 1 0 1 0 1 
1 0 1 0 1 0 1 0 
0 1 R 1 0 1 0 1 

Solucion 44:
1 0 1 0 1 0 1 0 
0 1 R 1 0 1 0 1 
R 0 1 0 1 0 1 0 
0 1 0 1 0 1 0 1 
1 R 1 0 1 0 1 0 
0 1 0 1 0 1 0 1 
1 0 1 0 1 0 1 0 
0 1 0 1 0 1 0 1 

Solucion 45:
1 0 1 0 1 0 1 0 
0 1 0 1 0 1 0 1 
R 0 1 0 1 0 1 0 
0 1 0 1 0 1 0 1 
1 R 1 0 1 0 1 0 
0 1 0 1 0 1 0 1 
1 0 R 0 1 0 1 0 
0 1 0 1 0 1 0 1 

Solucion 46:
1 0 1 0 1 0 1 0 
0 1 0 1 0 1 0 1 
R 0 1 0 1 0 1 0 
0 1 0 1 0 1 0 1 
1 R 1 0 1 0 1 0 
0 1 0 1 0 1 0 1 
1 0 1 0 1 0 1 0 
0 1 R 1 0 1 0 1 

Solucion 47:
1 0 1 0 1 0 1 0 
0 1 R 1 0 1 0 1 
R 0 1 0 1 0 1 0 
0 1 0 1 0 1 0 1 
1 0 1 0 1 0 1 0 
0 R 0 1 0 1 0 1 
1 0 1 0 1 0 1 0 
0 1 0 1 0 1 0 1 

Solucion 48:
1 0 1 0 1 0 1 0 
0 1 0 1 0 1 0 1 
R 0 1 0 1 0 1 0 
0 1 R 1 0 1 0 1 
1 0 1 0 1 0 1 0 
0 R 0 1 0 1 0 1 
1 0 1 0 1 0 1 0 
0 1 0 1 0 1 0 1 

Solucion 49:
1 0 1 0 1 0 1 0 
0 1 0 1 0 1 0 1 
R 0 1 0 1 0 1 0 
0 1 0 1 0 1 0 1 
1 0 1 0 1 0 1 0 
0 R 0 1 0 1 0 1 
1 0 1 0 1 0 1 0 
0 1 R 1 0 1 0 1 

Solucion 50:
1 0 1 0 1 0 1 0 
0 1 R 1 0 1 0 1 
R 0 1 0 1 0 1 0 
0 1 0 1 0 1 0 1 
1 0 1 0 1 0 1 0 
0 1 0 1 0 1 0 1 
1 R 1 0 1 0 1 0 
0 1 0 1 0 1 0 1 

Solucion 51:
1 0 1 0 1 0 1 0 
0 1 0 1 0 1 0 1 
R 0 1 0 1 0 1 0 
0 1 R 1 0 1 0 1 
1 0 1 0 1 0 1 0 
0 1 0 1 0 1 0 1 
1 R 1 0 1 0 1 0 
0 1 0 1 0 1 0 1 

Solucion 52:
1 0 1 0 1 0 1 0 
0 1 R 1 0 1 0 1 
R 0 1 0 1 0 1 0 
0 1 0 1 0 1 0 1 
1 0 1 0 1 0 1 0 
0 1 0 1 0 1 0 1 
1 0 1 0 1 0 1 0 
0 R 0 1 0 1 0 1 

Solucion 53:
1 0 1 0 1 0 1 0 
0 1 0 1 0 1 0 1 
R 0 1 0 1 0 1 0 
0 1 R 1 0 1 0 1 
1 0 1 0 1 0 1 0 
0 1 0 1 0 1 0 1 
1 0 1 0 1 0 1 0 
0 R 0 1 0 1 0 1 

Solucion 54:
1 0 1 0 1 0 1 0 
0 1 0 1 0 1 0 1 
R 0 1 0 1 0 1 0 
0 1 0 1 0 1 0 1 
1 0 1 0 1 0 1 0 
0 1 R 1 0 1 0 1 
1 0 1 0 1 0 1 0 
0 R 0 1 0 1 0 1 

Solucion 55:
1 R 1 0 1 0 1 0 
0 1 0 1 0 1 0 1 
1 0 R 0 1 0 1 0 
R 1 0 1 0 1 0 1 
1 0 1 0 1 0 1 0 
0 1 0 1 0 1 0 1 
1 0 1 0 1 0 1 0 
0 1 0 1 0 1 0 1 

Solucion 56:
1 R 1 0 1 0 1 0 
0 1 0 1 0 1 0 1 
1 0 1 0 1 0 1 0 
R 1 0 1 0 1 0 1 
1 0 R 0 1 0 1 0 
0 1 0 1 0 1 0 1 
1 0 1 0 1 0 1 0 
0 1 0 1 0 1 0 1 

Solucion 57:
1 R 1 0 1 0 1 0 
0 1 0 1 0 1 0 1 
1 0 1 0 1 0 1 0 
R 1 0 1 0 1 0 1 
1 0 1 0 1 0 1 0 
0 1 0 1 0 1 0 1 
1 0 R 0 1 0 1 0 
0 1 0 1 0 1 0 1 

Solucion 58:
1 R 1 0 1 0 1 0 
0 1 0 1 0 1 0 1 
1 0 1 0 1 0 1 0 
R 1 0 1 0 1 0 1 
1 0 1 0 1 0 1 0 
0 1 0 1 0 1 0 1 
1 0 1 0 1 0 1 0 
0 1 R 1 0 1 0 1 

Solucion 59:
1 0 1 0 1 0 1 0 
0 R 0 1 0 1 0 1 
1 0 1 0 1 0 1 0 
R 1 0 1 0 1 0 1 
1 0 R 0 1 0 1 0 
0 1 0 1 0 1 0 1 
1 0 1 0 1 0 1 0 
0 1 0 1 0 1 0 1 

Solucion 60:
1 0 1 0 1 0 1 0 
0 R 0 1 0 1 0 1 
1 0 1 0 1 0 1 0 
R 1 0 1 0 1 0 1 
1 0 1 0 1 0 1 0 
0 1 0 1 0 1 0 1 
1 0 R 0 1 0 1 0 
0 1 0 1 0 1 0 1 

Solucion 61:
1 0 1 0 1 0 1 0 
0 R 0 1 0 1 0 1 
1 0 1 0 1 0 1 0 
R 1 0 1 0 1 0 1 
1 0 1 0 1 0 1 0 
0 1 0 1 0 1 0 1 
1 0 1 0 1 0 1 0 
0 1 R 1 0 1 0 1 

Solucion 62:
1 0 R 0 1 0 1 0 
0 1 0 1 0 1 0 1 
1 0 1 0 1 0 1 0 
R 1 0 1 0 1 0 1 
1 0 1 0 1 0 1 0 
0 R 0 1 0 1 0 1 
1 0 1 0 1 0 1 0 
0 1 0 1 0 1 0 1 

Solucion 63:
1 0 1 0 1 0 1 0 
0 1 0 1 0 1 0 1 
1 0 R 0 1 0 1 0 
R 1 0 1 0 1 0 1 
1 0 1 0 1 0 1 0 
0 R 0 1 0 1 0 1 
1 0 1 0 1 0 1 0 
0 1 0 1 0 1 0 1 

Solucion 64:
1 0 1 0 1 0 1 0 
0 1 0 1 0 1 0 1 
1 0 1 0 1 0 1 0 
R 1 0 1 0 1 0 1 
1 0 1 0 1 0 1 0 
0 R 0 1 0 1 0 1 
1 0 1 0 1 0 1 0 
0 1 R 1 0 1 0 1 

Solucion 65:
1 0 R 0 1 0 1 0 
0 1 0 1 0 1 0 1 
1 0 1 0 1 0 1 0 
R 1 0 1 0 1 0 1 
1 0 1 0 1 0 1 0 
0 1 0 1 0 1 0 1 
1 R 1 0 1 0 1 0 
0 1 0 1 0 1 0 1 

Solucion 66:
1 0 1 0 1 0 1 0 
0 1 0 1 0 1 0 1 
1 0 R 0 1 0 1 0 
R 1 0 1 0 1 0 1 
1 0 1 0 1 0 1 0 
0 1 0 1 0 1 0 1 
1 R 1 0 1 0 1 0 
0 1 0 1 0 1 0 1 

Solucion 67:
1 0 1 0 1 0 1 0 
0 1 0 1 0 1 0 1 
1 0 1 0 1 0 1 0 
R 1 0 1 0 1 0 1 
1 0 R 0 1 0 1 0 
0 1 0 1 0 1 0 1 
1 R 1 0 1 0 1 0 
0 1 0 1 0 1 0 1 

Solucion 68:
1 0 R 0 1 0 1 0 
0 1 0 1 0 1 0 1 
1 0 1 0 1 0 1 0 
R 1 0 1 0 1 0 1 
1 0 1 0 1 0 1 0 
0 1 0 1 0 1 0 1 
1 0 1 0 1 0 1 0 
0 R 0 1 0 1 0 1 

Solucion 69:
1 0 1 0 1 0 1 0 
0 1 0 1 0 1 0 1 
1 0 R 0 1 0 1 0 
R 1 0 1 0 1 0 1 
1 0 1 0 1 0 1 0 
0 1 0 1 0 1 0 1 
1 0 1 0 1 0 1 0 
0 R 0 1 0 1 0 1 

Solucion 70:
1 0 1 0 1 0 1 0 
0 1 0 1 0 1 0 1 
1 0 1 0 1 0 1 0 
R 1 0 1 0 1 0 1 
1 0 R 0 1 0 1 0 
0 1 0 1 0 1 0 1 
1 0 1 0 1 0 1 0 
0 R 0 1 0 1 0 1 

Solucion 71:
1 R 1 0 1 0 1 0 
0 1 0 1 0 1 0 1 
1 0 1 0 1 0 1 0 
0 1 R 1 0 1 0 1 
R 0 1 0 1 0 1 0 
0 1 0 1 0 1 0 1 
1 0 1 0 1 0 1 0 
0 1 0 1 0 1 0 1 

Solucion 72:
1 R 1 0 1 0 1 0 
0 1 0 1 0 1 0 1 
1 0 1 0 1 0 1 0 
0 1 0 1 0 1 0 1 
R 0 1 0 1 0 1 0 
0 1 R 1 0 1 0 1 
1 0 1 0 1 0 1 0 
0 1 0 1 0 1 0 1 

Solucion 73:
1 R 1 0 1 0 1 0 
0 1 0 1 0 1 0 1 
1 0 1 0 1 0 1 0 
0 1 0 1 0 1 0 1 
R 0 1 0 1 0 1 0 
0 1 0 1 0 1 0 1 
1 0 1 0 1 0 1 0 
0 1 R 1 0 1 0 1 

Solucion 74:
1 0 1 0 1 0 1 0 
0 R 0 1 0 1 0 1 
1 0 1 0 1 0 1 0 
0 1 R 1 0 1 0 1 
R 0 1 0 1 0 1 0 
0 1 0 1 0 1 0 1 
1 0 1 0 1 0 1 0 
0 1 0 1 0 1 0 1 

Solucion 75:
1 0 1 0 1 0 1 0 
0 R 0 1 0 1 0 1 
1 0 1 0 1 0 1 0 
0 1 0 1 0 1 0 1 
R 0 1 0 1 0 1 0 
0 1 R 1 0 1 0 1 
1 0 1 0 1 0 1 0 
0 1 0 1 0 1 0 1 

Solucion 76:
1 0 1 0 1 0 1 0 
0 R 0 1 0 1 0 1 
1 0 1 0 1 0 1 0 
0 1 0 1 0 1 0 1 
R 0 1 0 1 0 1 0 
0 1 0 1 0 1 0 1 
1 0 1 0 1 0 1 0 
0 1 R 1 0 1 0 1 

Solucion 77:
1 0 R 0 1 0 1 0 
0 1 0 1 0 1 0 1 
1 R 1 0 1 0 1 0 
0 1 0 1 0 1 0 1 
R 0 1 0 1 0 1 0 
0 1 0 1 0 1 0 1 
1 0 1 0 1 0 1 0 
0 1 0 1 0 1 0 1 

Solucion 78:
1 0 1 0 1 0 1 0 
0 1 0 1 0 1 0 1 
1 R 1 0 1 0 1 0 
0 1 0 1 0 1 0 1 
R 0 1 0 1 0 1 0 
0 1 R 1 0 1 0 1 
1 0 1 0 1 0 1 0 
0 1 0 1 0 1 0 1 

Solucion 79:
1 0 1 0 1 0 1 0 
0 1 0 1 0 1 0 1 
1 R 1 0 1 0 1 0 
0 1 0 1 0 1 0 1 
R 0 1 0 1 0 1 0 
0 1 0 1 0 1 0 1 
1 0 1 0 1 0 1 0 
0 1 R 1 0 1 0 1 

Solucion 80:
1 0 R 0 1 0 1 0 
0 1 0 1 0 1 0 1 
1 0 1 0 1 0 1 0 
0 1 0 1 0 1 0 1 
R 0 1 0 1 0 1 0 
0 1 0 1 0 1 0 1 
1 R 1 0 1 0 1 0 
0 1 0 1 0 1 0 1 

Solucion 81:
1 0 1 0 1 0 1 0 
0 1 R 1 0 1 0 1 
1 0 1 0 1 0 1 0 
0 1 0 1 0 1 0 1 
R 0 1 0 1 0 1 0 
0 1 0 1 0 1 0 1 
1 R 1 0 1 0 1 0 
0 1 0 1 0 1 0 1 

Solucion 82:
1 0 1 0 1 0 1 0 
0 1 0 1 0 1 0 1 
1 0 1 0 1 0 1 0 
0 1 R 1 0 1 0 1 
R 0 1 0 1 0 1 0 
0 1 0 1 0 1 0 1 
1 R 1 0 1 0 1 0 
0 1 0 1 0 1 0 1 

Solucion 83:
1 0 R 0 1 0 1 0 
0 1 0 1 0 1 0 1 
1 0 1 0 1 0 1 0 
0 1 0 1 0 1 0 1 
R 0 1 0 1 0 1 0 
0 1 0 1 0 1 0 1 
1 0 1 0 1 0 1 0 
0 R 0 1 0 1 0 1 

Solucion 84:
1 0 1 0 1 0 1 0 
0 1 R 1 0 1 0 1 
1 0 1 0 1 0 1 0 
0 1 0 1 0 1 0 1 
R 0 1 0 1 0 1 0 
0 1 0 1 0 1 0 1 
1 0 1 0 1 0 1 0 
0 R 0 1 0 1 0 1 

Solucion 85:
1 0 1 0 1 0 1 0 
0 1 0 1 0 1 0 1 
1 0 1 0 1 0 1 0 
0 1 R 1 0 1 0 1 
R 0 1 0 1 0 1 0 
0 1 0 1 0 1 0 1 
1 0 1 0 1 0 1 0 
0 R 0 1 0 1 0 1 

Solucion 86:
1 0 1 0 1 0 1 0 
0 1 0 1 0 1 0 1 
1 0 1 0 1 0 1 0 
0 1 0 1 0 1 0 1 
R 0 1 0 1 0 1 0 
0 1 R 1 0 1 0 1 
1 0 1 0 1 0 1 0 
0 R 0 1 0 1 0 1 

Solucion 87:
1 R 1 0 1 0 1 0 
0 1 0 1 0 1 0 1 
1 0 R 0 1 0 1 0 
0 1 0 1 0 1 0 1 
1 0 1 0 1 0 1 0 
R 1 0 1 0 1 0 1 
1 0 1 0 1 0 1 0 
0 1 0 1 0 1 0 1 

Solucion 88:
1 R 1 0 1 0 1 0 
0 1 0 1 0 1 0 1 
1 0 1 0 1 0 1 0 
0 1 0 1 0 1 0 1 
1 0 R 0 1 0 1 0 
R 1 0 1 0 1 0 1 
1 0 1 0 1 0 1 0 
0 1 0 1 0 1 0 1 

Solucion 89:
1 R 1 0 1 0 1 0 
0 1 0 1 0 1 0 1 
1 0 1 0 1 0 1 0 
0 1 0 1 0 1 0 1 
1 0 1 0 1 0 1 0 
R 1 0 1 0 1 0 1 
1 0 R 0 1 0 1 0 
0 1 0 1 0 1 0 1 

Solucion 90:
1 0 1 0 1 0 1 0 
0 R 0 1 0 1 0 1 
1 0 1 0 1 0 1 0 
0 1 0 1 0 1 0 1 
1 0 R 0 1 0 1 0 
R 1 0 1 0 1 0 1 
1 0 1 0 1 0 1 0 
0 1 0 1 0 1 0 1 

Solucion 91:
1 0 1 0 1 0 1 0 
0 R 0 1 0 1 0 1 
1 0 1 0 1 0 1 0 
0 1 0 1 0 1 0 1 
1 0 1 0 1 0 1 0 
R 1 0 1 0 1 0 1 
1 0 R 0 1 0 1 0 
0 1 0 1 0 1 0 1 

Solucion 92:
1 0 R 0 1 0 1 0 
0 1 0 1 0 1 0 1 
1 R 1 0 1 0 1 0 
0 1 0 1 0 1 0 1 
1 0 1 0 1 0 1 0 
R 1 0 1 0 1 0 1 
1 0 1 0 1 0 1 0 
0 1 0 1 0 1 0 1 

Solucion 93:
1 0 1 0 1 0 1 0 
0 1 0 1 0 1 0 1 
1 R 1 0 1 0 1 0 
0 1 0 1 0 1 0 1 
1 0 R 0 1 0 1 0 
R 1 0 1 0 1 0 1 
1 0 1 0 1 0 1 0 
0 1 0 1 0 1 0 1 

Solucion 94:
1 0 1 0 1 0 1 0 
0 1 0 1 0 1 0 1 
1 R 1 0 1 0 1 0 
0 1 0 1 0 1 0 1 
1 0 1 0 1 0 1 0 
R 1 0 1 0 1 0 1 
1 0 R 0 1 0 1 0 
0 1 0 1 0 1 0 1 

Solucion 95:
1 0 R 0 1 0 1 0 
0 1 0 1 0 1 0 1 
1 0 1 0 1 0 1 0 
0 R 0 1 0 1 0 1 
1 0 1 0 1 0 1 0 
R 1 0 1 0 1 0 1 
1 0 1 0 1 0 1 0 
0 1 0 1 0 1 0 1 

Solucion 96:
1 0 1 0 1 0 1 0 
0 1 R 1 0 1 0 1 
1 0 1 0 1 0 1 0 
0 R 0 1 0 1 0 1 
1 0 1 0 1 0 1 0 
R 1 0 1 0 1 0 1 
1 0 1 0 1 0 1 0 
0 1 0 1 0 1 0 1 

Solucion 97:
1 0 1 0 1 0 1 0 
0 1 0 1 0 1 0 1 
1 0 1 0 1 0 1 0 
0 R 0 1 0 1 0 1 
1 0 1 0 1 0 1 0 
R 1 0 1 0 1 0 1 
1 0 R 0 1 0 1 0 
0 1 0 1 0 1 0 1 

Solucion 98:
1 0 R 0 1 0 1 0 
0 1 0 1 0 1 0 1 
1 0 1 0 1 0 1 0 
0 1 0 1 0 1 0 1 
1 0 1 0 1 0 1 0 
R 1 0 1 0 1 0 1 
1 0 1 0 1 0 1 0 
0 R 0 1 0 1 0 1 

Solucion 99:
1 0 1 0 1 0 1 0 
0 1 R 1 0 1 0 1 
1 0 1 0 1 0 1 0 
0 1 0 1 0 1 0 1 
1 0 1 0 1 0 1 0 
R 1 0 1 0 1 0 1 
1 0 1 0 1 0 1 0 
0 R 0 1 0 1 0 1 

Solucion 100:
1 0 1 0 1 0 1 0 
0 1 0 1 0 1 0 1 
1 0 R 0 1 0 1 0 
0 1 0 1 0 1 0 1 
1 0 1 0 1 0 1 0 
R 1 0 1 0 1 0 1 
1 0 1 0 1 0 1 0 
0 R 0 1 0 1 0 1 

Solucion 101:
1 0 1 0 1 0 1 0 
0 1 0 1 0 1 0 1 
1 0 1 0 1 0 1 0 
0 1 0 1 0 1 0 1 
1 0 R 0 1 0 1 0 
R 1 0 1 0 1 0 1 
1 0 1 0 1 0 1 0 
0 R 0 1 0 1 0 1 

Solucion 102:
1 R 1 0 1 0 1 0 
0 1 0 1 0 1 0 1 
1 0 R 0 1 0 1 0 
0 1 0 1 0 1 0 1 
1 0 1 0 1 0 1 0 
0 1 0 1 0 1 0 1 
R 0 1 0 1 0 1 0 
0 1 0 1 0 1 0 1 

Solucion 103:
1 R 1 0 1 0 1 0 
0 1 0 1 0 1 0 1 
1 0 1 0 1 0 1 0 
0 1 R 1 0 1 0 1 
1 0 1 0 1 0 1 0 
0 1 0 1 0 1 0 1 
R 0 1 0 1 0 1 0 
0 1 0 1 0 1 0 1 

Solucion 104:
1 R 1 0 1 0 1 0 
0 1 0 1 0 1 0 1 
1 0 1 0 1 0 1 0 
0 1 0 1 0 1 0 1 
1 0 1 0 1 0 1 0 
0 1 R 1 0 1 0 1 
R 0 1 0 1 0 1 0 
0 1 0 1 0 1 0 1 

Solucion 105:
1 R 1 0 1 0 1 0 
0 1 0 1 0 1 0 1 
1 0 1 0 1 0 1 0 
0 1 0 1 0 1 0 1 
1 0 1 0 1 0 1 0 
0 1 0 1 0 1 0 1 
R 0 1 0 1 0 1 0 
0 1 R 1 0 1 0 1 

Solucion 106:
1 0 1 0 1 0 1 0 
0 R 0 1 0 1 0 1 
1 0 1 0 1 0 1 0 
0 1 R 1 0 1 0 1 
1 0 1 0 1 0 1 0 
0 1 0 1 0 1 0 1 
R 0 1 0 1 0 1 0 
0 1 0 1 0 1 0 1 

Solucion 107:
1 0 1 0 1 0 1 0 
0 R 0 1 0 1 0 1 
1 0 1 0 1 0 1 0 
0 1 0 1 0 1 0 1 
1 0 1 0 1 0 1 0 
0 1 R 1 0 1 0 1 
R 0 1 0 1 0 1 0 
0 1 0 1 0 1 0 1 

Solucion 108:
1 0 1 0 1 0 1 0 
0 R 0 1 0 1 0 1 
1 0 1 0 1 0 1 0 
0 1 0 1 0 1 0 1 
1 0 1 0 1 0 1 0 
0 1 0 1 0 1 0 1 
R 0 1 0 1 0 1 0 
0 1 R 1 0 1 0 1 

Solucion 109:
1 0 R 0 1 0 1 0 
0 1 0 1 0 1 0 1 
1 R 1 0 1 0 1 0 
0 1 0 1 0 1 0 1 
1 0 1 0 1 0 1 0 
0 1 0 1 0 1 0 1 
R 0 1 0 1 0 1 0 
0 1 0 1 0 1 0 1 

Solucion 110:
1 0 1 0 1 0 1 0 
0 1 0 1 0 1 0 1 
1 R 1 0 1 0 1 0 
0 1 0 1 0 1 0 1 
1 0 1 0 1 0 1 0 
0 1 R 1 0 1 0 1 
R 0 1 0 1 0 1 0 
0 1 0 1 0 1 0 1 

Solucion 111:
1 0 1 0 1 0 1 0 
0 1 0 1 0 1 0 1 
1 R 1 0 1 0 1 0 
0 1 0 1 0 1 0 1 
1 0 1 0 1 0 1 0 
0 1 0 1 0 1 0 1 
R 0 1 0 1 0 1 0 
0 1 R 1 0 1 0 1 

Solucion 112:
1 0 R 0 1 0 1 0 
0 1 0 1 0 1 0 1 
1 0 1 0 1 0 1 0 
0 R 0 1 0 1 0 1 
1 0 1 0 1 0 1 0 
0 1 0 1 0 1 0 1 
R 0 1 0 1 0 1 0 
0 1 0 1 0 1 0 1 

Solucion 113:
1 0 1 0 1 0 1 0 
0 1 R 1 0 1 0 1 
1 0 1 0 1 0 1 0 
0 R 0 1 0 1 0 1 
1 0 1 0 1 0 1 0 
0 1 0 1 0 1 0 1 
R 0 1 0 1 0 1 0 
0 1 0 1 0 1 0 1 

Solucion 114:
1 0 1 0 1 0 1 0 
0 1 0 1 0 1 0 1 
1 0 1 0 1 0 1 0 
0 R 0 1 0 1 0 1 
1 0 1 0 1 0 1 0 
0 1 R 1 0 1 0 1 
R 0 1 0 1 0 1 0 
0 1 0 1 0 1 0 1 

Solucion 115:
1 0 1 0 1 0 1 0 
0 1 0 1 0 1 0 1 
1 0 1 0 1 0 1 0 
0 R 0 1 0 1 0 1 
1 0 1 0 1 0 1 0 
0 1 0 1 0 1 0 1 
R 0 1 0 1 0 1 0 
0 1 R 1 0 1 0 1 

Solucion 116:
1 0 R 0 1 0 1 0 
0 1 0 1 0 1 0 1 
1 0 1 0 1 0 1 0 
0 1 0 1 0 1 0 1 
1 R 1 0 1 0 1 0 
0 1 0 1 0 1 0 1 
R 0 1 0 1 0 1 0 
0 1 0 1 0 1 0 1 

Solucion 117:
1 0 1 0 1 0 1 0 
0 1 R 1 0 1 0 1 
1 0 1 0 1 0 1 0 
0 1 0 1 0 1 0 1 
1 R 1 0 1 0 1 0 
0 1 0 1 0 1 0 1 
R 0 1 0 1 0 1 0 
0 1 0 1 0 1 0 1 

Solucion 118:
1 0 1 0 1 0 1 0 
0 1 0 1 0 1 0 1 
1 0 R 0 1 0 1 0 
0 1 0 1 0 1 0 1 
1 R 1 0 1 0 1 0 
0 1 0 1 0 1 0 1 
R 0 1 0 1 0 1 0 
0 1 0 1 0 1 0 1 

Solucion 119:
1 0 1 0 1 0 1 0 
0 1 0 1 0 1 0 1 
1 0 1 0 1 0 1 0 
0 1 0 1 0 1 0 1 
1 R 1 0 1 0 1 0 
0 1 0 1 0 1 0 1 
R 0 1 0 1 0 1 0 
0 1 R 1 0 1 0 1 

Solucion 120:
1 R 1 0 1 0 1 0 
0 1 0 1 0 1 0 1 
1 0 R 0 1 0 1 0 
0 1 0 1 0 1 0 1 
1 0 1 0 1 0 1 0 
0 1 0 1 0 1 0 1 
1 0 1 0 1 0 1 0 
R 1 0 1 0 1 0 1 

Solucion 121:
1 R 1 0 1 0 1 0 
0 1 0 1 0 1 0 1 
1 0 1 0 1 0 1 0 
0 1 R 1 0 1 0 1 
1 0 1 0 1 0 1 0 
0 1 0 1 0 1 0 1 
1 0 1 0 1 0 1 0 
R 1 0 1 0 1 0 1 

Solucion 122:
1 R 1 0 1 0 1 0 
0 1 0 1 0 1 0 1 
1 0 1 0 1 0 1 0 
0 1 0 1 0 1 0 1 
1 0 R 0 1 0 1 0 
0 1 0 1 0 1 0 1 
1 0 1 0 1 0 1 0 
R 1 0 1 0 1 0 1 

Solucion 123:
1 R 1 0 1 0 1 0 
0 1 0 1 0 1 0 1 
1 0 1 0 1 0 1 0 
0 1 0 1 0 1 0 1 
1 0 1 0 1 0 1 0 
0 1 0 1 0 1 0 1 
1 0 R 0 1 0 1 0 
R 1 0 1 0 1 0 1 

Solucion 124:
1 0 1 0 1 0 1 0 
0 R 0 1 0 1 0 1 
1 0 1 0 1 0 1 0 
0 1 R 1 0 1 0 1 
1 0 1 0 1 0 1 0 
0 1 0 1 0 1 0 1 
1 0 1 0 1 0 1 0 
R 1 0 1 0 1 0 1 

Solucion 125:
1 0 1 0 1 0 1 0 
0 R 0 1 0 1 0 1 
1 0 1 0 1 0 1 0 
0 1 0 1 0 1 0 1 
1 0 R 0 1 0 1 0 
0 1 0 1 0 1 0 1 
1 0 1 0 1 0 1 0 
R 1 0 1 0 1 0 1 

Solucion 126:
1 0 1 0 1 0 1 0 
0 R 0 1 0 1 0 1 
1 0 1 0 1 0 1 0 
0 1 0 1 0 1 0 1 
1 0 1 0 1 0 1 0 
0 1 0 1 0 1 0 1 
1 0 R 0 1 0 1 0 
R 1 0 1 0 1 0 1 

Solucion 127:
1 0 R 0 1 0 1 0 
0 1 0 1 0 1 0 1 
1 R 1 0 1 0 1 0 
0 1 0 1 0 1 0 1 
1 0 1 0 1 0 1 0 
0 1 0 1 0 1 0 1 
1 0 1 0 1 0 1 0 
R 1 0 1 0 1 0 1 

Solucion 128:
1 0 1 0 1 0 1 0 
0 1 0 1 0 1 0 1 
1 R 1 0 1 0 1 0 
0 1 0 1 0 1 0 1 
1 0 R 0 1 0 1 0 
0 1 0 1 0 1 0 1 
1 0 1 0 1 0 1 0 
R 1 0 1 0 1 0 1 

Solucion 129:
1 0 1 0 1 0 1 0 
0 1 0 1 0 1 0 1 
1 R 1 0 1 0 1 0 
0 1 0 1 0 1 0 1 
1 0 1 0 1 0 1 0 
0 1 0 1 0 1 0 1 
1 0 R 0 1 0 1 0 
R 1 0 1 0 1 0 1 

Solucion 130:
1 0 R 0 1 0 1 0 
0 1 0 1 0 1 0 1 
1 0 1 0 1 0 1 0 
0 R 0 1 0 1 0 1 
1 0 1 0 1 0 1 0 
0 1 0 1 0 1 0 1 
1 0 1 0 1 0 1 0 
R 1 0 1 0 1 0 1 

Solucion 131:
1 0 1 0 1 0 1 0 
0 1 R 1 0 1 0 1 
1 0 1 0 1 0 1 0 
0 R 0 1 0 1 0 1 
1 0 1 0 1 0 1 0 
0 1 0 1 0 1 0 1 
1 0 1 0 1 0 1 0 
R 1 0 1 0 1 0 1 

Solucion 132:
1 0 1 0 1 0 1 0 
0 1 0 1 0 1 0 1 
1 0 1 0 1 0 1 0 
0 R 0 1 0 1 0 1 
1 0 1 0 1 0 1 0 
0 1 0 1 0 1 0 1 
1 0 R 0 1 0 1 0 
R 1 0 1 0 1 0 1 

Solucion 133:
1 0 R 0 1 0 1 0 
0 1 0 1 0 1 0 1 
1 0 1 0 1 0 1 0 
0 1 0 1 0 1 0 1 
1 R 1 0 1 0 1 0 
0 1 0 1 0 1 0 1 
1 0 1 0 1 0 1 0 
R 1 0 1 0 1 0 1 

Solucion 134:
1 0 1 0 1 0 1 0 
0 1 R 1 0 1 0 1 
1 0 1 0 1 0 1 0 
0 1 0 1 0 1 0 1 
1 R 1 0 1 0 1 0 
0 1 0 1 0 1 0 1 
1 0 1 0 1 0 1 0 
R 1 0 1 0 1 0 1 

Solucion 135:
1 0 1 0 1 0 1 0 
0 1 0 1 0 1 0 1 
1 0 R 0 1 0 1 0 
0 1 0 1 0 1 0 1 
1 R 1 0 1 0 1 0 
0 1 0 1 0 1 0 1 
1 0 1 0 1 0 1 0 
R 1 0 1 0 1 0 1 

Solucion 136:
1 0 1 0 1 0 1 0 
0 1 0 1 0 1 0 1 
1 0 1 0 1 0 1 0 
0 1 0 1 0 1 0 1 
1 R 1 0 1 0 1 0 
0 1 0 1 0 1 0 1 
1 0 R 0 1 0 1 0 
R 1 0 1 0 1 0 1 

Solucion 137:
1 0 R 0 1 0 1 0 
0 1 0 1 0 1 0 1 
1 0 1 0 1 0 1 0 
0 1 0 1 0 1 0 1 
1 0 1 0 1 0 1 0 
0 R 0 1 0 1 0 1 
1 0 1 0 1 0 1 0 
R 1 0 1 0 1 0 1 

Solucion 138:
1 0 1 0 1 0 1 0 
0 1 R 1 0 1 0 1 
1 0 1 0 1 0 1 0 
0 1 0 1 0 1 0 1 
1 0 1 0 1 0 1 0 
0 R 0 1 0 1 0 1 
1 0 1 0 1 0 1 0 
R 1 0 1 0 1 0 1 

Solucion 139:
1 0 1 0 1 0 1 0 
0 1 0 1 0 1 0 1 
1 0 R 0 1 0 1 0 
0 1 0 1 0 1 0 1 
1 0 1 0 1 0 1 0 
0 R 0 1 0 1 0 1 
1 0 1 0 1 0 1 0 
R 1 0 1 0 1 0 1 

Solucion 140:
1 0 1 0 1 0 1 0 
0 1 0 1 0 1 0 1 
1 0 1 0 1 0 1 0 
0 1 R 1 0 1 0 1 
1 0 1 0 1 0 1 0 
0 R 0 1 0 1 0 1 
1 0 1 0 1 0 1 0 
R 1 0 1 0 1 0 1 

