Solucion 1:
R 0 1 0 1 0 1 0 
0 1 0 1 0 1 R 1 
1 0 1 0 R 0 1 0 
0 1 0 1 0 1 0 R 
1 R 1 0 1 0 1 0 
0 1 0 R 0 1 0 1 
1 0 1 0 1 R 1 0 
0 1 R 1 0 1 0 1 

Solucion 2:
R 0 1 0 1 0 1 0 
0 1 0 1 0 1 R 1 
1 0 1 R 1 0 1 0 
0 1 0 1 0 R 0 1 
1 0 1 0 1 0 1 R 
0 R 0 1 0 1 0 1 
1 0 1 0 R 0 1 0 
0 1 R 1 0 1 0 1 

Solucion 3:
R 0 1 0 1 0 1 0 
0 1 0 1 0 R 0 1 
1 0 1 0 1 0 1 R 
0 1 R 1 0 1 0 1 
1 0 1 0 1 0 R 0 
0 1 0 R 0 1 0 1 
1 R 1 0 1 0 1 0 
0 1 0 1 R 1 0 1 

Solucion 4:
R 0 1 0 1 0 1 0 
0 1 0 1 R 1 0 1 
1 0 1 0 1 0 1 R 
0 1 0 1 0 R 0 1 
1 0 R 0 1 0 1 0 
0 1 0 1 0 1 R 1 
1 R 1 0 1 0 1 0 
0 1 0 R 0 1 0 1 

Solucion 5:
1 0 1 0 1 R 1 0 
R 1 0 1 0 1 0 1 
1 0 1 0 R 0 1 0 
0 R 0 1 0 1 0 1 
1 0 1 0 1 0 1 R 
0 1 R 1 0 1 0 1 
1 0 1 0 1 0 R 0 
0 1 0 R 0 1 0 1 

Solucion 6:
1 0 1 R 1 0 1 0 
R 1 0 1 0 1 0 1 
1 0 1 0 R 0 1 0 
0 1 0 1 0 1 0 R 
1 R 1 0 1 0 1 0 
0 1 0 1 0 1 R 1 
1 0 R 0 1 0 1 0 
0 1 0 1 0 R 0 1 

Solucion 7:
1 0 1 0 R 0 1 0 
R 1 0 1 0 1 0 1 
1 0 1 0 1 0 1 R 
0 1 0 R 0 1 0 1 
1 R 1 0 1 0 1 0 
0 1 0 1 0 1 R 1 
1 0 R 0 1 0 1 0 
0 1 0 1 0 R 0 1 

Solucion 8:
1 0 R 0 1 0 1 0 
R 1 0 1 0 1 0 1 
1 0 1 0 1 0 R 0 
0 1 0 1 R 1 0 1 
1 0 1 0 1 0 1 R 
0 R 0 1 0 1 0 1 
1 0 1 R 1 0 1 0 
0 1 0 1 0 R 0 1 

Solucion 9:
1 0 1 0 R 0 1 0 
R 1 0 1 0 1 0 1 
1 0 1 R 1 0 1 0 
0 1 0 1 0 R 0 1 
1 0 1 0 1 0 1 R 
0 R 0 1 0 1 0 1 
1 0 1 0 1 0 R 0 
0 1 R 1 0 1 0 1 

Solucion 10:
1 0 1 0 1 0 R 0 
R 1 0 1 0 1 0 1 
1 0 R 0 1 0 1 0 
0 1 0 1 0 1 0 R 
1 0 1 0 1 R 1 0 
0 1 0 R 0 1 0 1 
1 R 1 0 1 0 1 0 
0 1 0 1 R 1 0 1 

Solucion 11:
1 0 1 0 R 0 1 0 
R 1 0 1 0 1 0 1 
1 0 1 0 1 0 1 R 
0 1 0 1 0 R 0 1 
1 0 R 0 1 0 1 0 
0 1 0 1 0 1 R 1 
1 R 1 0 1 0 1 0 
0 1 0 R 0 1 0 1 

Solucion 12:
1 0 1 R 1 0 1 0 
R 1 0 1 0 1 0 1 
1 0 1 0 R 0 1 0 
0 1 0 1 0 1 0 R 
1 0 1 0 1 R 1 0 
0 1 R 1 0 1 0 1 
1 0 1 0 1 0 R 0 
0 R 0 1 0 1 0 1 

Solucion 13:
1 R 1 0 1 0 1 0 
0 1 0 1 0 R 0 1 
R 0 1 0 1 0 1 0 
0 1 0 1 0 1 R 1 
1 0 1 R 1 0 1 0 
0 1 0 1 0 1 0 R 
1 0 R 0 1 0 1 0 
0 1 0 1 R 1 0 1 

Solucion 14:
1 0 1 0 R 0 1 0 
0 1 R 1 0 1 0 1 
R 0 1 0 1 0 1 0 
0 1 0 1 0 1 R 1 
1 R 1 0 1 0 1 0 
0 1 0 1 0 1 0 R 
1 0 1 0 1 R 1 0 
0 1 0 R 0 1 0 1 

Solucion 15:
1 0 1 0 1 0 1 R 
0 1 R 1 0 1 0 1 
R 0 1 0 1 0 1 0 
0 1 0 1 0 R 0 1 
1 R 1 0 1 0 1 0 
0 1 0 1 R 1 0 1 
1 0 1 0 1 0 R 0 
0 1 0 R 0 1 0 1 

Solucion 16:
1 0 1 R 1 0 1 0 
0 1 0 1 0 R 0 1 
R 0 1 0 1 0 1 0 
0 1 0 1 R 1 0 1 
1 R 1 0 1 0 1 0 
0 1 0 1 0 1 0 R 
1 0 R 0 1 0 1 0 
0 1 0 1 0 1 R 1 

Solucion 17:
1 0 1 0 R 0 1 0 
0 1 0 1 0 1 R 1 
R 0 1 0 1 0 1 0 
0 1 0 R 0 1 0 1 
1 R 1 0 1 0 1 0 
0 1 0 1 0 1 0 R 
1 0 1 0 1 R 1 0 
0 1 R 1 0 1 0 1 

Solucion 18:
1 0 1 0 1 R 1 0 
0 1 R 1 0 1 0 1 
R 0 1 0 1 0 1 0 
0 1 0 1 0 1 0 R 
1 0 1 R 1 0 1 0 
0 R 0 1 0 1 0 1 
1 0 1 0 1 0 R 0 
0 1 0 1 R 1 0 1 

Solucion 19:
1 0 1 0 R 0 1 0 
0 1 R 1 0 1 0 1 
R 0 1 0 1 0 1 0 
0 1 0 1 0 R 0 1 
1 0 1 0 1 0 1 R 
0 R 0 1 0 1 0 1 
1 0 1 R 1 0 1 0 
0 1 0 1 0 1 R 1 

Solucion 20:
1 0 1 0 1 R 1 0 
0 1 R 1 0 1 0 1 
R 0 1 0 1 0 1 0 
0 1 0 1 0 1 0 R 
1 0 1 0 R 0 1 0 
0 R 0 1 0 1 0 1 
1 0 1 R 1 0 1 0 
0 1 0 1 0 1 R 1 

Solucion 21:
1 0 1 R 1 0 1 0 
0 1 0 1 0 1 0 R 
R 0 1 0 1 0 1 0 
0 1 R 1 0 1 0 1 
1 0 1 0 1 R 1 0 
0 R 0 1 0 1 0 1 
1 0 1 0 1 0 R 0 
0 1 0 1 R 1 0 1 

Solucion 22:
1 0 1 0 1 0 1 R 
0 1 0 R 0 1 0 1 
R 0 1 0 1 0 1 0 
0 1 R 1 0 1 0 1 
1 0 1 0 1 R 1 0 
0 R 0 1 0 1 0 1 
1 0 1 0 1 0 R 0 
0 1 0 1 R 1 0 1 

Solucion 23:
1 0 1 R 1 0 1 0 
0 1 0 1 0 1 0 R 
R 0 1 0 1 0 1 0 
0 1 0 1 R 1 0 1 
1 0 1 0 1 0 R 0 
0 R 0 1 0 1 0 1 
1 0 1 0 1 R 1 0 
0 1 R 1 0 1 0 1 

Solucion 24:
1 0 1 R 1 0 1 0 
0 1 0 1 0 1 R 1 
R 0 1 0 1 0 1 0 
0 1 0 1 0 1 0 R 
1 0 1 0 R 0 1 0 
0 R 0 1 0 1 0 1 
1 0 1 0 1 R 1 0 
0 1 R 1 0 1 0 1 

Solucion 25:
1 0 1 0 1 R 1 0 
0 1 0 R 0 1 0 1 
R 0 1 0 1 0 1 0 
0 1 0 1 R 1 0 1 
1 0 1 0 1 0 1 R 
0 R 0 1 0 1 0 1 
1 0 1 0 1 0 R 0 
0 1 R 1 0 1 0 1 

Solucion 26:
1 0 1 0 1 R 1 0 
0 1 R 1 0 1 0 1 
R 0 1 0 1 0 1 0 
0 1 0 1 0 1 R 1 
1 0 1 0 R 0 1 0 
0 1 0 1 0 1 0 R 
1 R 1 0 1 0 1 0 
0 1 0 R 0 1 0 1 

Solucion 27:
1 0 1 0 1 0 R 0 
0 1 R 1 0 1 0 1 
R 0 1 0 1 0 1 0 
0 1 0 1 0 R 0 1 
1 0 1 0 1 0 1 R 
0 1 0 1 R 1 0 1 
1 R 1 0 1 0 1 0 
0 1 0 R 0 1 0 1 

Solucion 28:
1 0 1 0 R 0 1 0 
0 1 0 1 0 1 R 1 
R 0 1 0 1 0 1 0 
0 1 R 1 0 1 0 1 
1 0 1 0 1 0 1 R 
0 1 0 1 0 R 0 1 
1 0 1 R 1 0 1 0 
0 R 0 1 0 1 0 1 

Solucion 29:
1 R 1 0 1 0 1 0 
0 1 0 1 R 1 0 1 
1 0 1 0 1 0 R 0 
R 1 0 1 0 1 0 1 
1 0 R 0 1 0 1 0 
0 1 0 1 0 1 0 R 
1 0 1 0 1 R 1 0 
0 1 0 R 0 1 0 1 

Solucion 30:
1 R 1 0 1 0 1 0 
0 1 0 1 0 1 0 R 
1 0 1 0 1 R 1 0 
R 1 0 1 0 1 0 1 
1 0 R 0 1 0 1 0 
0 1 0 1 R 1 0 1 
1 0 1 0 1 0 R 0 
0 1 0 R 0 1 0 1 

Solucion 31:
1 0 1 0 1 R 1 0 
0 R 0 1 0 1 0 1 
1 0 1 0 1 0 R 0 
R 1 0 1 0 1 0 1 
1 0 R 0 1 0 1 0 
0 1 0 1 R 1 0 1 
1 0 1 0 1 0 1 R 
0 1 0 R 0 1 0 1 

Solucion 32:
1 0 1 0 1 0 R 0 
0 R 0 1 0 1 0 1 
1 0 1 R 1 0 1 0 
R 1 0 1 0 1 0 1 
1 0 1 0 1 0 1 R 
0 1 0 1 R 1 0 1 
1 0 R 0 1 0 1 0 
0 1 0 1 0 R 0 1 

Solucion 33:
1 0 1 0 1 0 1 R 
0 R 0 1 0 1 0 1 
1 0 1 R 1 0 1 0 
R 1 0 1 0 1 0 1 
1 0 1 0 1 0 R 0 
0 1 0 1 R 1 0 1 
1 0 R 0 1 0 1 0 
0 1 0 1 0 R 0 1 

Solucion 34:
1 0 1 0 R 0 1 0 
0 R 0 1 0 1 0 1 
1 0 1 0 1 0 1 R 
R 1 0 1 0 1 0 1 
1 0 1 R 1 0 1 0 
0 1 0 1 0 1 R 1 
1 0 R 0 1 0 1 0 
0 1 0 1 0 R 0 1 

Solucion 35:
1 0 1 0 1 R 1 0 
0 R 0 1 0 1 0 1 
1 0 1 0 1 0 R 0 
R 1 0 1 0 1 0 1 
1 0 1 R 1 0 1 0 
0 1 0 1 0 1 0 R 
1 0 1 0 R 0 1 0 
0 1 R 1 0 1 0 1 

Solucion 36:
1 0 1 0 R 0 1 0 
0 R 0 1 0 1 0 1 
1 0 1 0 1 R 1 0 
R 1 0 1 0 1 0 1 
1 0 1 0 1 0 R 0 
0 1 0 R 0 1 0 1 
1 0 1 0 1 0 1 R 
0 1 R 1 0 1 0 1 

Solucion 37:
1 0 R 0 1 0 1 0 
0 1 0 1 R 1 0 1 
1 0 1 0 1 0 R 0 
R 1 0 1 0 1 0 1 
1 0 1 R 1 0 1 0 
0 R 0 1 0 1 0 1 
1 0 1 0 1 0 1 R 
0 1 0 1 0 R 0 1 

Solucion 38:
1 0 1 0 1 R 1 0 
0 1 0 R 0 1 0 1 
1 0 1 0 1 0 R 0 
R 1 0 1 0 1 0 1 
1 0 1 0 1 0 1 R 
0 R 0 1 0 1 0 1 
1 0 1 0 R 0 1 0 
0 1 R 1 0 1 0 1 

Solucion 39:
1 0 1 0 R 0 1 0 
0 1 0 1 0 1 0 R 
1 0 1 R 1 0 1 0 
R 1 0 1 0 1 0 1 
1 0 1 0 1 0 R 0 
0 R 0 1 0 1 0 1 
1 0 1 0 1 R 1 0 
0 1 R 1 0 1 0 1 

Solucion 40:
1 0 R 0 1 0 1 0 
0 1 0 1 0 R 0 1 
1 0 1 0 1 0 1 R 
R 1 0 1 0 1 0 1 
1 0 1 0 R 0 1 0 
0 1 0 1 0 1 R 1 
1 R 1 0 1 0 1 0 
0 1 0 R 0 1 0 1 

Solucion 41:
1 0 1 0 1 0 R 0 
0 1 0 1 R 1 0 1 
1 0 R 0 1 0 1 0 
R 1 0 1 0 1 0 1 
1 0 1 0 1 R 1 0 
0 1 0 1 0 1 0 R 
1 R 1 0 1 0 1 0 
0 1 0 R 0 1 0 1 

Solucion 42:
1 0 1 0 1 R 1 0 
0 1 0 R 0 1 0 1 
1 0 1 0 1 0 R 0 
R 1 0 1 0 1 0 1 
1 0 R 0 1 0 1 0 
0 1 0 1 R 1 0 1 
1 R 1 0 1 0 1 0 
0 1 0 1 0 1 0 R 

Solucion 43:
1 0 1 0 R 0 1 0 
0 1 0 1 0 1 0 R 
1 0 1 R 1 0 1 0 
R 1 0 1 0 1 0 1 
1 0 R 0 1 0 1 0 
0 1 0 1 0 R 0 1 
1 R 1 0 1 0 1 0 
0 1 0 1 0 1 R 1 

Solucion 44:
1 0 R 0 1 0 1 0 
0 1 0 1 0 R 0 1 
1 0 1 R 1 0 1 0 
R 1 0 1 0 1 0 1 
1 0 1 0 1 0 1 R 
0 1 0 1 R 1 0 1 
1 0 1 0 1 0 R 0 
0 R 0 1 0 1 0 1 

Solucion 45:
1 0 R 0 1 0 1 0 
0 1 0 1 0 R 0 1 
1 0 1 0 1 0 1 R 
R 1 0 1 0 1 0 1 
1 0 1 R 1 0 1 0 
0 1 0 1 0 1 R 1 
1 0 1 0 R 0 1 0 
0 R 0 1 0 1 0 1 

Solucion 46:
1 0 1 0 R 0 1 0 
0 1 0 1 0 1 R 1 
1 0 1 R 1 0 1 0 
R 1 0 1 0 1 0 1 
1 0 R 0 1 0 1 0 
0 1 0 1 0 1 0 R 
1 0 1 0 1 R 1 0 
0 R 0 1 0 1 0 1 

Solucion 47:
1 R 1 0 1 0 1 0 
0 1 0 1 0 R 0 1 
1 0 1 0 1 0 1 R 
0 1 R 1 0 1 0 1 
R 0 1 0 1 0 1 0 
0 1 0 R 0 1 0 1 
1 0 1 0 1 0 R 0 
0 1 0 1 R 1 0 1 

Solucion 48:
1 R 1 0 1 0 1 0 
0 1 0 1 R 1 0 1 
1 0 1 0 1 0 R 0 
0 1 0 R 0 1 0 1 
R 0 1 0 1 0 1 0 
0 1 0 1 0 1 0 R 
1 0 1 0 1 R 1 0 
0 1 R 1 0 1 0 1 

Solucion 49:
1 R 1 0 1 0 1 0 
0 1 0 1 0 1 R 1 
1 0 1 0 R 0 1 0 
0 1 0 1 0 1 0 R 
R 0 1 0 1 0 1 0 
0 1 0 R 0 1 0 1 
1 0 1 0 1 R 1 0 
0 1 R 1 0 1 0 1 

Solucion 50:
1 0 1 0 1 0 R 0 
0 R 0 1 0 1 0 1 
1 0 1 0 1 R 1 0 
0 1 R 1 0 1 0 1 
R 0 1 0 1 0 1 0 
0 1 0 R 0 1 0 1 
1 0 1 0 1 0 1 R 
0 1 0 1 R 1 0 1 

Solucion 51:
1 0 1 0 1 0 1 R 
0 R 0 1 0 1 0 1 
1 0 1 0 R 0 1 0 
0 1 R 1 0 1 0 1 
R 0 1 0 1 0 1 0 
0 1 0 1 0 1 R 1 
1 0 1 R 1 0 1 0 
0 1 0 1 0 R 0 1 

Solucion 52:
1 0 1 R 1 0 1 0 
0 R 0 1 0 1 0 1 
1 0 1 0 1 0 1 R 
0 1 0 1 0 R 0 1 
R 0 1 0 1 0 1 0 
0 1 R 1 0 1 0 1 
1 0 1 0 R 0 1 0 
0 1 0 1 0 1 R 1 

Solucion 53:
1 0 1 R 1 0 1 0 
0 R 0 1 0 1 0 1 
1 0 1 0 1 0 R 0 
0 1 0 1 R 1 0 1 
R 0 1 0 1 0 1 0 
0 1 0 1 0 1 0 R 
1 0 1 0 1 R 1 0 
0 1 R 1 0 1 0 1 

Solucion 54:
1 0 R 0 1 0 1 0 
0 1 0 1 0 R 0 1 
1 R 1 0 1 0 1 0 
0 1 0 1 0 1 R 1 
R 0 1 0 1 0 1 0 
0 1 0 R 0 1 0 1 
1 0 1 0 1 0 1 R 
0 1 0 1 R 1 0 1 

Solucion 55:
1 0 R 0 1 0 1 0 
0 1 0 1 R 1 0 1 
1 R 1 0 1 0 1 0 
0 1 0 1 0 1 0 R 
R 0 1 0 1 0 1 0 
0 1 0 1 0 1 R 1 
1 0 1 R 1 0 1 0 
0 1 0 1 0 R 0 1 

Solucion 56:
1 0 1 0 1 R 1 0 
0 1 0 1 0 1 0 R 
1 R 1 0 1 0 1 0 
0 1 0 R 0 1 0 1 
R 0 1 0 1 0 1 0 
0 1 0 1 0 1 R 1 
1 0 1 0 R 0 1 0 
0 1 R 1 0 1 0 1 

Solucion 57:
1 0 R 0 1 0 1 0 
0 1 0 1 0 1 0 R 
1 0 1 R 1 0 1 0 
0 1 0 1 0 1 R 1 
R 0 1 0 1 0 1 0 
0 1 0 1 0 R 0 1 
1 R 1 0 1 0 1 0 
0 1 0 1 R 1 0 1 

Solucion 58:
1 0 R 0 1 0 1 0 
0 1 0 1 R 1 0 1 
1 0 1 0 1 0 1 R 
0 1 0 R 0 1 0 1 
R 0 1 0 1 0 1 0 
0 1 0 1 0 1 R 1 
1 R 1 0 1 0 1 0 
0 1 0 1 0 R 0 1 

Solucion 59:
1 0 1 0 1 R 1 0 
0 1 R 1 0 1 0 1 
1 0 1 0 1 0 R 0 
0 1 0 R 0 1 0 1 
R 0 1 0 1 0 1 0 
0 1 0 1 0 1 0 R 
1 R 1 0 1 0 1 0 
0 1 0 1 R 1 0 1 

Solucion 60:
1 0 1 0 1 R 1 0 
0 1 R 1 0 1 0 1 
1 0 1 0 R 0 1 0 
0 1 0 1 0 1 R 1 
R 0 1 0 1 0 1 0 
0 1 0 R 0 1 0 1 
1 R 1 0 1 0 1 0 
0 1 0 1 0 1 0 R 

Solucion 61:
1 0 1 0 1 R 1 0 
0 1 R 1 0 1 0 1 
1 0 1 0 R 0 1 0 
0 1 0 1 0 1 0 R 
R 0 1 0 1 0 1 0 
0 1 0 R 0 1 0 1 
1 R 1 0 1 0 1 0 
0 1 0 1 0 1 R 1 

Solucion 62:
1 0 1 R 1 0 1 0 
0 1 0 1 0 1 0 R 
1 0 1 0 R 0 1 0 
0 1 R 1 0 1 0 1 
R 0 1 0 1 0 1 0 
0 1 0 1 0 1 R 1 
1 R 1 0 1 0 1 0 
0 1 0 1 0 R 0 1 

Solucion 63:
1 0 1 R 1 0 1 0 
0 1 0 1 0 1 R 1 
1 0 1 0 R 0 1 0 
0 1 R 1 0 1 0 1 
R 0 1 0 1 0 1 0 
0 1 0 1 0 R 0 1 
1 0 1 0 1 0 1 R 
0 R 0 1 0 1 0 1 

Solucion 64:
1 0 1 R 1 0 1 0 
0 1 0 1 0 R 0 1 
1 0 1 0 1 0 1 R 
0 1 R 1 0 1 0 1 
R 0 1 0 1 0 1 0 
0 1 0 1 0 1 R 1 
1 0 1 0 R 0 1 0 
0 R 0 1 0 1 0 1 

Solucion 65:
1 R 1 0 1 0 1 0 
0 1 0 R 0 1 0 1 
1 0 1 0 1 R 1 0 
0 1 0 1 0 1 0 R 
1 0 R 0 1 0 1 0 
R 1 0 1 0 1 0 1 
1 0 1 0 1 0 R 0 
0 1 0 1 R 1 0 1 

Solucion 66:
1 0 1 R 1 0 1 0 
0 R 0 1 0 1 0 1 
1 0 1 0 R 0 1 0 
0 1 0 1 0 1 0 R 
1 0 1 0 1 R 1 0 
R 1 0 1 0 1 0 1 
1 0 R 0 1 0 1 0 
0 1 0 1 0 1 R 1 

Solucion 67:
1 0 1 R 1 0 1 0 
0 R 0 1 0 1 0 1 
1 0 1 0 1 0 1 R 
0 1 0 1 R 1 0 1 
1 0 1 0 1 0 R 0 
R 1 0 1 0 1 0 1 
1 0 R 0 1 0 1 0 
0 1 0 1 0 R 0 1 

Solucion 68:
1 0 R 0 1 0 1 0 
0 1 0 1 0 1 R 1 
1 R 1 0 1 0 1 0 
0 1 0 1 0 1 0 R 
1 0 1 0 R 0 1 0 
R 1 0 1 0 1 0 1 
1 0 1 R 1 0 1 0 
0 1 0 1 0 R 0 1 

Solucion 69:
1 0 R 0 1 0 1 0 
0 1 0 1 0 R 0 1 
1 R 1 0 1 0 1 0 
0 1 0 1 R 1 0 1 
1 0 1 0 1 0 1 R 
R 1 0 1 0 1 0 1 
1 0 1 0 1 0 R 0 
0 1 0 R 0 1 0 1 

Solucion 70:
1 0 R 0 1 0 1 0 
0 1 0 1 0 R 0 1 
1 R 1 0 1 0 1 0 
0 1 0 1 0 1 R 1 
1 0 1 0 R 0 1 0 
R 1 0 1 0 1 0 1 
1 0 1 0 1 0 1 R 
0 1 0 R 0 1 0 1 

Solucion 71:
1 0 1 0 R 0 1 0 
0 1 0 1 0 1 R 1 
1 R 1 0 1 0 1 0 
0 1 0 1 0 R 0 1 
1 0 R 0 1 0 1 0 
R 1 0 1 0 1 0 1 
1 0 1 R 1 0 1 0 
0 1 0 1 0 1 0 R 

Solucion 72:
1 0 1 0 R 0 1 0 
0 1 0 1 0 1 R 1 
1 R 1 0 1 0 1 0 
0 1 0 1 0 R 0 1 
1 0 R 0 1 0 1 0 
R 1 0 1 0 1 0 1 
1 0 1 0 1 0 1 R 
0 1 0 R 0 1 0 1 

Solucion 73:
1 0 1 0 1 0 R 0 
0 1 0 R 0 1 0 1 
1 R 1 0 1 0 1 0 
0 1 0 1 R 1 0 1 
1 0 1 0 1 0 1 R 
R 1 0 1 0 1 0 1 
1 0 R 0 1 0 1 0 
0 1 0 1 0 R 0 1 

Solucion 74:
1 0 1 0 1 0 R 0 
0 1 0 R 0 1 0 1 
1 R 1 0 1 0 1 0 
0 1 0 1 0 1 0 R 
1 0 1 0 1 R 1 0 
R 1 0 1 0 1 0 1 
1 0 R 0 1 0 1 0 
0 1 0 1 R 1 0 1 

Solucion 75:
1 0 1 0 R 0 1 0 
0 1 0 1 0 1 R 1 
1 R 1 0 1 0 1 0 
0 1 0 R 0 1 0 1 
1 0 1 0 1 0 1 R 
R 1 0 1 0 1 0 1 
1 0 R 0 1 0 1 0 
0 1 0 1 0 R 0 1 

Solucion 76:
1 0 R 0 1 0 1 0 
0 1 0 1 0 R 0 1 
1 0 1 0 1 0 1 R 
0 R 0 1 0 1 0 1 
1 0 1 R 1 0 1 0 
R 1 0 1 0 1 0 1 
1 0 1 0 1 0 R 0 
0 1 0 1 R 1 0 1 

Solucion 77:
1 0 1 0 1 0 R 0 
0 1 R 1 0 1 0 1 
1 0 1 0 1 0 1 R 
0 R 0 1 0 1 0 1 
1 0 1 0 R 0 1 0 
R 1 0 1 0 1 0 1 
1 0 1 0 1 R 1 0 
0 1 0 R 0 1 0 1 

Solucion 78:
1 0 1 R 1 0 1 0 
0 1 0 1 0 1 R 1 
1 0 1 0 R 0 1 0 
0 R 0 1 0 1 0 1 
1 0 1 0 1 R 1 0 
R 1 0 1 0 1 0 1 
1 0 R 0 1 0 1 0 
0 1 0 1 0 1 0 R 

Solucion 79:
1 0 1 R 1 0 1 0 
0 1 0 1 0 R 0 1 
1 0 1 0 1 0 1 R 
0 R 0 1 0 1 0 1 
1 0 1 0 1 0 R 0 
R 1 0 1 0 1 0 1 
1 0 R 0 1 0 1 0 
0 1 0 1 R 1 0 1 

Solucion 80:
1 0 1 0 R 0 1 0 
0 1 R 1 0 1 0 1 
1 0 1 0 1 0 1 R 
0 1 0 R 0 1 0 1 
1 0 1 0 1 0 R 0 
R 1 0 1 0 1 0 1 
1 0 1 0 1 R 1 0 
0 R 0 1 0 1 0 1 

Solucion 81:
1 R 1 0 1 0 1 0 
0 1 0 1 0 1 R 1 
1 0 R 0 1 0 1 0 
0 1 0 1 0 R 0 1 
1 0 1 0 1 0 1 R 
0 1 0 1 R 1 0 1 
R 0 1 0 1 0 1 0 
0 1 0 R 0 1 0 1 

Solucion 82:
1 0 1 R 1 0 1 0 
0 R 0 1 0 1 0 1 
1 0 1 0 1 0 R 0 
0 1 R 1 0 1 0 1 
1 0 1 0 1 R 1 0 
0 1 0 1 0 1 0 R 
R 0 1 0 1 0 1 0 
0 1 0 1 R 1 0 1 

Solucion 83:
1 0 1 0 R 0 1 0 
0 R 0 1 0 1 0 1 
1 0 1 R 1 0 1 0 
0 1 0 1 0 R 0 1 
1 0 1 0 1 0 1 R 
0 1 R 1 0 1 0 1 
R 0 1 0 1 0 1 0 
0 1 0 1 0 1 R 1 

Solucion 84:
1 0 R 0 1 0 1 0 
0 1 0 1 0 1 R 1 
1 R 1 0 1 0 1 0 
0 1 0 1 0 1 0 R 
1 0 1 0 1 R 1 0 
0 1 0 R 0 1 0 1 
R 0 1 0 1 0 1 0 
0 1 0 1 R 1 0 1 

Solucion 85:
1 0 1 0 1 R 1 0 
0 1 0 R 0 1 0 1 
1 R 1 0 1 0 1 0 
0 1 0 1 0 1 0 R 
1 0 1 0 R 0 1 0 
0 1 0 1 0 1 R 1 
R 0 1 0 1 0 1 0 
0 1 R 1 0 1 0 1 

Solucion 86:
1 0 1 0 1 R 1 0 
0 1 R 1 0 1 0 1 
1 0 1 0 1 0 R 0 
0 R 0 1 0 1 0 1 
1 0 1 R 1 0 1 0 
0 1 0 1 0 1 0 R 
R 0 1 0 1 0 1 0 
0 1 0 1 R 1 0 1 

Solucion 87:
1 0 1 0 1 R 1 0 
0 1 R 1 0 1 0 1 
1 0 1 0 1 0 R 0 
0 R 0 1 0 1 0 1 
1 0 1 0 1 0 1 R 
0 1 0 1 R 1 0 1 
R 0 1 0 1 0 1 0 
0 1 0 R 0 1 0 1 

Solucion 88:
1 0 1 R 1 0 1 0 
0 1 0 1 0 1 R 1 
1 0 R 0 1 0 1 0 
0 1 0 1 0 1 0 R 
1 R 1 0 1 0 1 0 
0 1 0 1 R 1 0 1 
R 0 1 0 1 0 1 0 
0 1 0 1 0 R 0 1 

Solucion 89:
1 0 1 R 1 0 1 0 
0 R 0 1 0 1 0 1 
1 0 1 0 1 0 R 0 
0 1 R 1 0 1 0 1 
1 0 1 0 1 R 1 0 
0 1 0 1 0 1 0 R 
1 0 1 0 R 0 1 0 
R 1 0 1 0 1 0 1 

Solucion 90:
1 0 1 0 R 0 1 0 
0 R 0 1 0 1 0 1 
1 0 1 R 1 0 1 0 
0 1 0 1 0 1 R 1 
1 0 R 0 1 0 1 0 
0 1 0 1 0 1 0 R 
1 0 1 0 1 R 1 0 
R 1 0 1 0 1 0 1 

Solucion 91:
1 0 R 0 1 0 1 0 
0 1 0 1 R 1 0 1 
1 R 1 0 1 0 1 0 
0 1 0 1 0 1 0 R 
1 0 1 0 1 R 1 0 
0 1 0 R 0 1 0 1 
1 0 1 0 1 0 R 0 
R 1 0 1 0 1 0 1 

Solucion 92:
1 0 R 0 1 0 1 0 
0 1 0 1 0 R 0 1 
1 0 1 R 1 0 1 0 
0 R 0 1 0 1 0 1 
1 0 1 0 1 0 1 R 
0 1 0 1 R 1 0 1 
1 0 1 0 1 0 R 0 
R 1 0 1 0 1 0 1 

